eigenvalues : 17.558049400423496
eigenvectors : [ 6.13581856e-16 -2.06294469e-16 -4.99341293e-16  6.32939513e-16
 -1.11160337e-15  1.14671596e-16  2.99328399e-16 -2.09604635e-16
 -6.35654254e-16  8.24089762e-16 -1.01112446e-16  8.41244062e-16
 -5.28431557e-16  7.00447292e-16 -1.07099014e-15 -3.11651866e-15
  1.55817557e-12  1.03467630e-08  8.88014845e-02  9.06617424e-02
  2.38814425e-02 -1.58847706e-02  8.00780822e-02  8.77360218e-02
 -5.13651291e-02 -3.17538912e-02  4.90780527e-02 -8.16344452e-02
 -7.88062882e-02 -4.73700910e-02 -6.76764913e-03  7.18919051e-02
  8.30321327e-02  6.22206864e-02 -4.23042692e-02 -1.15497895e-03
 -1.98785280e-02 -8.63323431e-02 -9.15369302e-02 -3.36760531e-02
  6.63467998e-04  6.08366575e-02  8.48482220e-02  7.32021459e-02
 -3.74096746e-02  7.48546641e-03  6.09346329e-02 -8.20848650e-02
 -8.18628471e-02  6.62202681e-02 -3.01019537e-02  2.18066071e-02
 -6.35780166e-02 -5.72291452e-02  7.96963438e-02 -7.55558350e-02
 -4.50495904e-02 -4.25521218e-02 -1.98237157e-03  5.15211385e-02
 -7.90235239e-02 -6.32266983e-03 -7.77293673e-02  5.76536281e-02
 -7.29574671e-02 -6.07075122e-02  6.90551161e-02  8.10872394e-02
  3.78932956e-02  7.51880086e-02  8.15057031e-02 -7.15943100e-02
  2.17745894e-02  7.35517797e-02 -8.19502754e-02  3.57481776e-02
 -1.42674025e-02 -1.30578190e-02  5.48814912e-02 -4.20249237e-02
  4.75400110e-02 -7.55200572e-02 -7.96786453e-02  5.67030350e-02
  1.05451844e-02 -3.46078396e-02  8.29208715e-02 -6.24215707e-02
 -7.20459100e-02  1.92130891e-02 -2.36901151e-03  3.65469232e-02
  5.57905496e-02  8.47343234e-02 -6.28247262e-02 -7.54733912e-02
  6.79951490e-03 -7.68263392e-02  7.69687551e-02 -1.44281522e-04
 -7.94438559e-02  7.96997595e-02 -4.13861602e-03 -4.89021891e-02
  4.22663274e-02  7.70125748e-02 -2.65377112e-02 -5.08062831e-02
 -8.32432828e-02  7.71571466e-02  8.58287978e-02 -5.40577078e-02
 -4.85542149e-02 -1.38666369e-02 -4.54464950e-02  4.28751050e-02
  7.72139351e-02 -8.09182293e-02  6.69224073e-02 -2.77956511e-02
  4.38302467e-02 -7.42476401e-02  4.82585423e-02  7.57240857e-02
  7.91436575e-02 -5.71264970e-02  7.42750570e-02 -8.05453801e-02
 -5.89894310e-02 -4.66152934e-02 -1.35358552e-03  4.48762587e-02
  8.33314680e-02 -8.19143603e-02  2.42250434e-03  7.80266498e-02
 -8.34440180e-02 -4.11684532e-02  8.11695467e-04  4.37740331e-02
 -5.78161905e-02 -7.47906466e-02  3.78192015e-03 -5.46188295e-02
  4.71975731e-02  1.00474236e-02 -8.08233505e-02  1.34291575e-02
  8.27378853e-02  1.52884577e-02 -1.43947616e-02 -5.38170131e-02
 -4.12586896e-02 -5.23812911e-02 -8.38542646e-02  4.03257578e-02
  2.35291967e-03  1.85558922e-02  3.68313962e-02 -5.88094749e-02
 -7.37864312e-02 -7.80198215e-02 -7.87874845e-02  4.82167903e-02
  9.62176821e-03 -5.82455275e-02  8.27295879e-02  4.10509649e-02
 -6.94740712e-02 -6.57786888e-02 -8.38243126e-02 -5.02410940e-02
 -8.89015729e-02 -2.14588938e-02 -7.46168809e-02  6.38445845e-02
  1.08844681e-02 -2.16216022e-02  3.07248964e-02  6.04098675e-02
 -6.94624228e-02 -8.15860343e-02 -7.97247319e-02  7.94873071e-02
 -4.01243288e-02 -6.67107963e-02 -3.79269453e-02 -6.71636933e-02
 -8.14319970e-02 -4.71961587e-02  5.48535714e-02  8.24610073e-02
  3.63148172e-02  6.58215489e-02  2.91452949e-02 -8.11590516e-02
 -6.43542456e-02  7.07089564e-02 -3.58561055e-02 -6.86625077e-02
 -4.51527078e-02 -1.31922443e-03  4.67014894e-02 -8.09278616e-02
 -8.03224947e-02  8.04242054e-02  1.78966208e-02  8.11101711e-02
  7.94516135e-02  4.38217482e-02  4.35108667e-03 -7.08510977e-02
 -5.86432469e-02 -6.40911329e-02  1.34049021e-02 -8.37530877e-02
 -4.17446807e-02 -9.75462080e-03 -4.78325596e-02 -5.07103298e-02
 -9.92156228e-03 -1.49205357e-02  5.48213208e-02  8.07340581e-02
  1.09746703e-02  7.82886846e-02  7.95417970e-02 -4.03776444e-02
  8.04523507e-02  4.16967973e-02  6.30012506e-02  4.67246472e-02
 -8.07308135e-02  5.11172936e-02  5.90428885e-02  8.27466207e-02
 -7.47550306e-02  3.52331369e-02  4.05724919e-02  3.88752486e-03
 -7.74149620e-02 -5.25752531e-02 -7.44887951e-02  3.69194260e-02
 -7.09274689e-02  8.10999954e-02  7.83882571e-02 -2.59671281e-02
  2.65911453e-02 -8.25339535e-02  1.90132755e-02  1.91999560e-02
 -6.41544193e-02  1.15433250e-02 -8.18530545e-02 -7.68527583e-02
  1.36471840e-02  5.32884403e-02 -8.25089011e-02  7.07335125e-02
  6.83867710e-02  3.68206981e-03 -5.51360804e-02 -7.19492409e-02
  8.86727902e-02  3.62972567e-02  8.41170985e-02  6.32514053e-03
 -8.06666247e-02  2.29478130e-02  4.72236324e-02 -3.20469921e-02
  8.22408128e-02 -8.41119275e-02 -8.22000386e-02 -4.64463994e-02
 -7.49131044e-02  8.13240824e-02 -3.05885938e-02 -3.67350621e-02
  3.49768077e-03 -6.81977506e-02  4.15647860e-02 -7.83804654e-02
  3.60779461e-02 -2.44526156e-02 -8.06420962e-02  7.68957471e-04
  7.78351107e-02  4.25070035e-02  6.70139144e-02 -5.94952129e-02
  8.15713591e-02 -4.76708313e-03 -8.12583575e-02  6.82693007e-02
  2.89500772e-02 -5.01597623e-02  5.73026263e-02 -7.12324148e-02
 -7.12659478e-03]

eigenvalues : 13.853579231131071
eigenvectors : [-3.34715576e-16  7.47713810e-16  9.55469489e-16 -5.03186890e-16
  1.57648475e-15  2.26899563e-16 -6.22672151e-16 -3.83639766e-16
  2.05921083e-16 -2.01241839e-16  1.56559153e-16 -8.98572746e-16
  7.59911541e-16 -4.32903509e-16  1.56977855e-15  5.16096915e-15
 -2.31640017e-12 -1.34087125e-08 -8.90696209e-02 -9.08376610e-02
 -1.95274264e-02  1.12042023e-02 -8.26226775e-02 -8.93264264e-02
  4.42860053e-02  2.27502003e-02 -5.67646209e-02  8.60776968e-02
  7.50551032e-02  3.48168836e-02 -7.10178398e-03 -8.06249950e-02
 -8.66971014e-02 -4.74373498e-02  2.49438995e-02 -1.23354679e-03
 -2.04693913e-02 -8.66732899e-02 -9.11810972e-02 -2.99039233e-02
 -4.19309431e-03  6.45225476e-02  8.59967946e-02  6.96758862e-02
 -2.93956180e-02  1.66593330e-02  6.75356081e-02 -8.38730016e-02
 -5.92793524e-02  8.21188605e-02 -7.36862853e-02 -3.47883642e-02
 -1.38236450e-02 -9.09753646e-03  5.41017290e-02 -8.13860286e-02
 -7.65644321e-02  2.61818866e-04 -4.48349337e-02  7.75908764e-02
 -8.05057553e-02  4.13138362e-02 -5.15594716e-02 -7.20374134e-02
 -6.68444715e-02 -8.20655049e-02  1.84359120e-02  5.66659704e-02
  7.52776764e-02  4.89933999e-02  7.92635255e-02  8.21775551e-02
  7.17672353e-02  2.28253045e-02 -6.19423009e-02 -2.89888039e-02
  3.79538369e-02 -6.95232474e-02  8.18333928e-02 -3.01227448e-02
  3.21329060e-02 -6.75706152e-02 -8.25197793e-02  6.67085404e-02
  4.84541371e-02  4.68948328e-03  7.76781011e-02 -7.91040504e-02
 -4.63524640e-02  5.20877906e-02 -2.01400851e-02 -5.76996719e-02
 -7.34737412e-02 -7.43393399e-02  4.40789673e-02  6.06644389e-02
  2.02054540e-02  5.87397614e-02 -8.15704060e-02  2.75989840e-02
 -3.05391237e-02  6.72791401e-02 -6.69852128e-02 -8.15168132e-02
 -2.62361728e-02  2.68891049e-02  8.82260094e-03 -6.47114410e-02
 -7.57956034e-02  8.16249066e-02 -7.10316693e-02  2.75464676e-02
  2.34597568e-02  4.62542917e-02  6.99839166e-02  8.12088018e-02
  6.98289530e-02 -3.37128550e-02  7.97173295e-02 -5.56396105e-02
  6.20741925e-02 -8.09257952e-02  4.32358716e-02  1.66317199e-03
 -5.51447256e-02  8.21487269e-02 -2.56160416e-03  6.04880460e-02
  8.19315793e-02 -4.20954852e-02  6.76334631e-02 -8.19403002e-02
 -6.66204065e-02  3.31012948e-02 -7.24280579e-02 -2.28159901e-02
  6.53605451e-02 -3.92770677e-02  7.01561952e-02  4.12966657e-02
  8.15131977e-02  1.11071340e-02 -1.84493634e-02  2.05629495e-02
  2.03904291e-02 -7.88269368e-02 -7.14826889e-02 -6.12961051e-02
 -6.36689074e-02  2.26586922e-02  5.05399293e-02  8.19196562e-02
 -3.33485343e-02  8.12678622e-02  3.89225178e-02 -8.27923117e-02
 -6.46354181e-02 -1.25700644e-02  8.09817636e-02 -3.77512461e-02
 -7.21962462e-02  8.49720161e-02  4.89852534e-02  4.54897943e-02
 -8.11151802e-02 -2.92584728e-03 -4.58836585e-02 -8.15982706e-02
  8.35956026e-02  9.54263531e-03  4.18997866e-02  8.10255833e-02
  7.91555645e-02 -3.53191222e-02  7.55272929e-02  4.07169402e-02
 -1.58291129e-02  5.83503230e-02  8.08678715e-02 -1.74710469e-02
 -7.43009944e-02 -3.85915469e-02 -2.74078144e-03 -4.40407672e-02
  8.28160522e-02  1.98354954e-02 -1.69603735e-02  1.50999099e-02
  5.67915189e-02 -4.88301987e-02 -2.02541681e-02 -7.56043854e-02
 -7.59409980e-02 -1.41495675e-02 -5.55149386e-02 -4.04154273e-02
 -7.60709448e-02 -1.06150918e-02  5.29421807e-02  8.77195352e-02
  7.73522572e-02  8.25011771e-02  5.25135257e-02 -2.34593847e-03
  4.13209847e-02 -4.06415789e-02  8.08518905e-02  3.35496744e-03
 -4.13259446e-02 -7.54856630e-02  8.21357654e-02 -8.03089865e-02
 -7.74491965e-02  8.44962315e-02  2.97900963e-02  8.49293508e-02
 -3.94023111e-03 -3.68114468e-02 -5.55490936e-02 -5.72929728e-02
 -8.13969247e-02 -8.04986812e-02  5.76575247e-02  4.94587027e-03
  8.07839013e-02 -3.24188959e-03  4.35181689e-02  7.42149082e-02
  4.20010118e-02 -5.07790941e-02 -4.69119971e-02 -4.91380895e-02
 -3.04136656e-04 -4.80582119e-02 -4.71776806e-02  6.06755255e-03
 -4.89529465e-02  7.89897587e-02  7.90899051e-02 -8.00586273e-02
  4.26890149e-02 -7.84025751e-02  4.41992991e-02 -7.48012851e-02
  4.54995809e-02  8.04903304e-03  4.51251395e-02  7.70766308e-02
  7.87758162e-02 -7.79483697e-03 -7.82741439e-02  7.96511785e-02
 -5.53491262e-02 -7.92949051e-02 -8.47291190e-03 -4.69280071e-02
 -5.71631468e-02  3.48134932e-02 -7.36922958e-02 -3.51522184e-02
  5.33402628e-02  8.05443191e-02  4.74686392e-02 -5.11379559e-02
 -8.10511545e-02 -6.72652956e-02 -6.71291389e-02 -8.22560547e-02
 -6.71689365e-03  7.90422520e-02 -7.94079150e-02  7.58475754e-02
 -6.37585572e-02  8.66066798e-02 -3.48810342e-03 -7.89325622e-02
  6.93832345e-03  2.44478718e-03 -7.88138054e-02  6.18417664e-02
  5.52572521e-02  8.73348697e-02  9.39575400e-03 -6.93416928e-02
  5.90057475e-02 -8.08473516e-02  6.93674281e-02  6.88119992e-02
  2.89917043e-03 -7.43839411e-02 -4.64058254e-02 -5.68951711e-02
  3.63871409e-02  6.42131657e-02 -6.46266242e-02  4.35970233e-02
 -3.18141309e-02 -4.36709131e-03  7.84158465e-02 -8.19122670e-02
  7.55995912e-02]

eigenvalues : 14.318473738355754
eigenvectors : [ 1.02826042e-16 -1.11418688e-15 -4.71257529e-16  2.73318807e-16
 -1.25266459e-15  4.38120365e-16  4.01731286e-16  2.03678558e-16
 -5.62754176e-16  5.41500237e-16  3.90128518e-16  5.11054297e-17
 -1.00877796e-16  1.86750527e-16 -1.90614222e-15 -7.62568618e-15
  3.44216738e-12  1.73767964e-08  8.92809655e-02  9.09520575e-02
  1.51239004e-02 -6.49330210e-03  8.47015804e-02  9.03733556e-02
 -3.67730750e-02 -1.35008246e-02  6.36157503e-02 -8.90713590e-02
 -6.97861920e-02 -2.14213609e-02  2.07807660e-02  8.67106218e-02
  8.73295889e-02  3.06262100e-02 -6.46922660e-03 -1.31744810e-03
 -2.10748366e-02 -8.69620020e-02 -9.07454139e-02 -2.60630354e-02
 -9.03698312e-03  6.78943917e-02  8.66085994e-02  6.55777973e-02
 -2.10744345e-02  2.56251270e-02  7.30892902e-02 -8.41614358e-02
 -5.33993369e-03  5.58522952e-02 -8.03994186e-02 -7.44913914e-02
  4.24549553e-02  4.27234205e-02  7.25733851e-03 -5.63193183e-02
 -7.98949318e-02  4.30007899e-02 -7.43892909e-02  7.97026647e-02
 -5.62592579e-02  7.42879204e-02 -8.29966289e-03  8.25393626e-02
 -5.93098318e-02 -5.52567663e-02 -4.21889451e-02  6.25351270e-03
  8.01387980e-02  9.32953449e-03  5.60705187e-02 -8.81765656e-02
  8.06421090e-02 -4.19993240e-02 -4.55895256e-03 -7.53543258e-02
  7.43124437e-02 -8.08330607e-02  5.44049691e-02 -1.74870592e-02
  1.53156521e-02 -5.69267817e-02 -8.24518923e-02  7.45960549e-02
  7.45793970e-02  4.28899685e-02  5.58154364e-02 -7.96043744e-02
 -1.03075089e-02  7.48157769e-02 -3.69317283e-02  7.42614906e-02
  8.51328048e-02  5.69729639e-02 -2.23252652e-02 -4.18397759e-02
  3.30504625e-02 -3.49556461e-02  7.61507657e-02 -5.20623719e-02
  4.21642259e-02  3.46831418e-03 -8.09394817e-02 -5.33160978e-02
 -7.60098385e-02 -4.19644668e-02  4.25383319e-02 -7.51515735e-02
 -5.55662041e-02  8.13392897e-02  4.69575993e-02  2.75902943e-03
  7.67611127e-02 -7.17464782e-02 -8.37108701e-02  5.20362087e-02
  3.13257755e-03  4.26744880e-02  7.97554525e-02 -7.50518508e-02
  7.53008565e-02 -8.05837376e-02 -8.38376480e-02 -7.71197531e-02
 -3.15745859e-02 -1.51688116e-02 -7.18728877e-02  2.24095997e-02
 -2.10186283e-02  8.53888518e-02 -8.46101402e-02  5.80226009e-02
 -1.07429843e-03  4.14861806e-02  6.99407100e-02 -5.22356784e-02
  8.48619386e-03  8.47135256e-02 -7.75751300e-02 -8.57408910e-02
 -2.95037039e-02  6.32931346e-02 -3.92965490e-02  7.75495804e-02
 -7.34627063e-02  5.29710106e-02 -5.54549142e-02 -8.07721077e-02
  3.35678695e-02 -5.63309920e-02 -7.68936622e-02 -1.01941090e-02
  8.12448181e-02 -4.22672103e-02  3.29822844e-02  7.07650447e-02
  8.51539994e-02 -4.18857364e-02  5.06342750e-02 -1.29352530e-02
 -2.87381922e-03 -7.41619237e-02  4.15142198e-02 -8.10436640e-02
  4.69544377e-02  6.22671514e-02 -1.54938744e-02  8.10881065e-02
 -5.47224288e-02  5.18978087e-02  2.56692844e-02 -4.88223214e-03
 -5.23470686e-02  7.49431065e-02 -3.14899999e-02  1.20714732e-02
 -4.08513610e-02  8.04383549e-02  4.91920197e-02 -7.83143134e-02
 -2.61166724e-03  4.48548421e-02  8.14721174e-02 -5.05450132e-02
 -7.76224310e-02  3.50338130e-02  6.48607885e-02  4.40882028e-02
 -6.09953300e-03  7.73549064e-02 -1.89826518e-02  3.96647784e-02
  8.28124729e-02 -7.90032368e-02 -7.99038931e-02  4.65632815e-02
 -2.24071389e-03 -7.95808553e-02  7.91548654e-02 -7.39177367e-02
  8.70770799e-03 -3.91427876e-02 -7.35739108e-02  8.21809113e-02
  5.74965386e-02 -6.22576531e-02  4.64893601e-02 -8.21910903e-02
 -6.53601133e-02 -1.63570465e-02 -3.59890923e-02 -8.00725780e-02
 -1.63233322e-03 -7.85465667e-02 -6.58792814e-02 -5.89505517e-02
  4.84939535e-02  7.25512615e-02  7.03212831e-02  6.77588879e-02
  3.26160183e-02  2.87216874e-02 -6.57844739e-02 -8.17932956e-02
  4.53241834e-02 -8.03548628e-02 -5.09528440e-02  2.94559582e-02
 -4.86320292e-02 -7.81968159e-02 -7.21727239e-02 -7.70639157e-02
  8.05680464e-02 -7.58209389e-02 -7.33216166e-02 -8.07682897e-02
  5.78692503e-02 -6.15979310e-03 -3.13141591e-03 -4.33205261e-02
  6.74092549e-02 -6.38348285e-04  6.88636491e-02 -3.40101149e-02
  7.00280905e-02 -8.10725341e-02 -5.33722839e-02  3.95459628e-02
 -1.44972326e-02  8.08231443e-02 -4.11369924e-02 -2.42450679e-02
  6.27857673e-02 -4.23234200e-02  8.09054087e-02  5.57233298e-02
  8.01109084e-02  1.39374206e-02 -5.54090486e-02 -1.22460286e-02
 -6.13496702e-02  4.42860022e-02  7.45496827e-02  5.97404967e-02
  5.97713580e-02  8.14995279e-02  3.19978288e-02  4.25775346e-02
  8.13748111e-02 -1.93799986e-02 -1.41863819e-03  3.72759642e-02
 -1.49242316e-02 -6.63702599e-02  8.06954513e-02  8.99880868e-04
  8.00309160e-02 -8.23727949e-02  9.99323075e-03 -7.99469024e-02
 -8.27695262e-02 -6.79376982e-02 -5.70988718e-02 -5.58656344e-02
  7.52352206e-02 -4.77894300e-02 -1.09490060e-02 -8.22921399e-02
 -7.99781281e-02 -2.34928447e-02 -7.10936520e-02  6.41991029e-02
 -4.35585005e-02  8.09294747e-02 -3.93493868e-03  1.12162581e-02
 -7.48398333e-02  4.29261386e-02  7.95956071e-02 -5.61976165e-02
 -6.09372749e-02]

eigenvalues : 14.869771345813986
eigenvectors : [-1.06145728e-16  1.05584321e-15  1.83892457e-16  7.70026598e-17
  1.15069338e-15 -1.11571833e-16  1.39723264e-16 -3.17209085e-16
  5.03063627e-16  1.94048384e-17 -2.25725391e-16  5.88152985e-16
 -4.70121468e-16  6.83224792e-16  2.32351579e-15  1.20842850e-14
 -5.11654882e-12 -2.25191689e-08 -8.94353837e-02 -9.10048544e-02
 -1.06820292e-02  1.76482328e-03 -8.63030735e-02 -9.08704397e-02
  2.88999315e-02  4.10565025e-03 -6.95306086e-02  9.05650170e-02
  6.31060999e-02  7.50759719e-03 -3.39024627e-02 -8.99489532e-02
 -8.49074722e-02 -1.25058924e-02 -1.22944420e-02 -1.40704565e-03
 -2.16952953e-02 -8.71983054e-02 -9.02302621e-02 -2.21622209e-02
 -1.38535579e-02  7.09357781e-02  8.66798179e-02  6.09415121e-02
 -1.25330641e-02  3.42708673e-02  7.75095568e-02 -8.29450102e-02
  5.14240529e-02  9.07533124e-04 -4.68822310e-02 -7.80241513e-02
  7.86964499e-02  7.72186348e-02 -4.24375490e-02 -9.87187968e-03
 -5.38150901e-02  7.34268393e-02 -8.18795133e-02  5.72044408e-02
 -1.40329380e-02  8.08969675e-02  3.77111538e-02 -8.85935637e-02
 -5.05137943e-02  3.98384268e-03 -7.99167550e-02 -4.70272666e-02
  5.03764424e-02 -3.28992048e-02  1.80570273e-02  8.92566896e-02
  4.33145081e-02 -8.08828786e-02  5.55752228e-02 -7.39645503e-02
  7.96125045e-02 -3.96414920e-02 -9.17690996e-03 -4.42555335e-03
 -2.17372743e-03 -4.40129815e-02 -7.94773776e-02  8.01151507e-02
  8.25674913e-02  7.10587867e-02  2.20105815e-02 -6.38201923e-02
  2.80393361e-02  8.29696301e-02 -5.19273486e-02 -8.49146224e-02
 -8.98118112e-02 -3.42637790e-02 -9.51910304e-04  2.02455096e-02
  4.49779457e-02  7.78096363e-03 -6.13756614e-02  7.08829820e-02
  8.20097145e-02 -6.29917338e-02 -3.58162393e-02  1.46609100e-02
 -7.15234676e-02 -8.15869155e-02  6.83246847e-02 -8.15676555e-02
 -2.59664505e-02  7.63169289e-02 -1.67507310e-02 -3.26844971e-02
  6.88341612e-02  8.65428880e-02  8.45069427e-02 -2.03924268e-02
 -6.62245501e-02  8.21226405e-02  6.70306757e-02 -8.30906089e-02
  8.24411649e-02 -7.32511403e-02  2.57547243e-02  6.30526399e-02
  8.23816684e-02 -6.87993548e-02  6.99611057e-02 -8.20261788e-02
 -6.14064085e-02 -3.65549835e-02  3.99080193e-02  9.07677080e-03
  6.79468581e-02 -8.37703328e-02  2.54996472e-03  8.18626886e-02
 -7.50928174e-02 -5.46417714e-02  1.47248820e-02  4.58356907e-02
 -4.99077597e-02 -7.66248067e-02 -5.71956504e-02  6.59163810e-02
  7.42376810e-02  3.64791014e-02 -3.42394039e-02 -2.74441504e-02
  2.34955142e-03  7.93757345e-02  8.83502773e-02 -7.39540911e-02
 -6.40670134e-02 -3.20414153e-02 -8.20305749e-02 -1.21602924e-02
 -5.06506641e-02 -6.51692117e-02 -2.62933911e-02  1.31683169e-02
  6.91447343e-02  4.78492525e-02 -8.05737499e-02  1.29938759e-02
  4.83654048e-02 -8.26613495e-02  6.85876393e-02 -3.97771698e-02
 -2.29546330e-03 -8.50340732e-02 -7.75276043e-02 -7.77041031e-02
  1.42548277e-02 -7.81682126e-02 -3.12875811e-02 -1.82098793e-02
 -6.15086611e-02  2.27310249e-02 -3.22543190e-02 -6.27859862e-02
  7.17676024e-02  8.12841042e-02 -4.92017735e-02  7.72574598e-02
  2.75464862e-02 -7.57839598e-02 -8.60415035e-02 -8.24749415e-02
 -4.73904417e-02  1.05388054e-03  5.38731828e-02  1.15328081e-02
 -5.39654521e-02 -5.94495730e-02 -1.75430473e-02  8.02737856e-02
  7.41093515e-02 -5.58971266e-02  1.17946223e-02  3.24271225e-02
 -8.14549483e-02 -6.33039245e-02 -1.48640038e-02 -4.15498295e-02
 -7.30824123e-02  6.84703922e-02 -4.38303312e-02  2.31257463e-02
  6.36127200e-02  8.14370103e-02 -6.82730699e-02 -7.01704097e-02
  7.61788175e-02  4.80978664e-02  8.62543219e-02  1.41230756e-02
 -7.91256895e-02 -8.69537373e-02  2.70799362e-02  3.71300928e-02
  7.23031808e-02  7.55744717e-02 -4.51490922e-02  1.25714772e-02
 -4.91971677e-02 -4.79712888e-02 -7.69912790e-02 -7.85497344e-02
 -7.88450482e-02 -5.42878600e-03  3.28019561e-02  1.55661331e-03
  4.34223346e-02  9.08352875e-03  2.49862670e-02 -3.24021265e-02
  6.89143077e-02 -8.12569613e-02 -8.05723140e-02  5.87210350e-02
 -5.84888000e-02  7.79693137e-02 -5.29634218e-02  7.61240699e-02
 -4.68838081e-02 -8.32563225e-03 -7.47130730e-02 -7.01096929e-02
 -8.10014772e-02  2.55338841e-02  6.66470199e-02 -7.81154940e-02
  5.69016686e-02  6.28661209e-02  1.75217108e-02  7.20175471e-02
 -7.42335024e-02 -7.89993138e-03 -3.00078575e-02  5.55275868e-02
 -6.14340327e-02 -5.41698440e-02 -1.69795010e-02  6.54004823e-02
 -2.84193197e-02 -7.54588575e-02  1.17817052e-02  5.69429595e-02
 -1.86274708e-03 -7.99170277e-02  8.02262304e-02 -7.32777506e-02
  7.95156303e-02  2.87140081e-02  3.82959450e-02  7.94518212e-02
  5.20936823e-02  3.28897320e-02  8.14252034e-02  8.90006525e-02
  6.34835982e-02  1.85647448e-02  8.50063320e-02 -3.88146448e-02
  8.29239969e-02  3.81445777e-02 -5.49106210e-02  2.86814206e-02
  5.62192997e-02  8.03892249e-02  4.01556739e-02  5.15874181e-02
 -8.18917636e-02  3.17762201e-02  5.94394370e-02 -2.31476789e-02
 -7.61373235e-02  7.54696886e-02  6.05420107e-02 -5.51375969e-03
 -2.07365071e-02]

eigenvalues : 15.359765050875879
eigenvectors : [ 2.53049033e-16 -3.69472044e-16  7.70841294e-16 -9.79682881e-17
 -7.87020552e-17  5.55664200e-16 -4.46295444e-16  7.36557073e-16
 -3.91206615e-16  4.62013701e-16  2.54411386e-16 -5.44151095e-16
  5.40316560e-16 -1.16648570e-15 -2.06868159e-15 -1.98338441e-14
  7.60302243e-12  2.91833399e-08  8.95327768e-02  9.09960158e-02
  6.21307459e-03  2.96843325e-03  8.74181303e-02  9.08146543e-02
 -2.07436967e-02  5.33386199e-03  7.44221434e-02 -9.05335169e-02
 -5.51499082e-02  6.58779573e-03  4.61149850e-02  9.02336530e-02
  7.95154719e-02 -6.14901429e-03  3.05088887e-02 -1.50272683e-03
 -2.23312095e-02 -8.73820577e-02 -8.96360927e-02 -1.82104487e-02
 -1.86282608e-02  7.36319038e-02  8.62100055e-02  5.58050806e-02
 -3.86074759e-03  4.24885697e-02  8.07278616e-02 -8.02454754e-02
  8.09871908e-02 -5.45032154e-02  1.00939222e-02 -4.36712663e-02
  7.77962473e-02  8.03991702e-02 -7.54640524e-02  4.03232602e-02
 -7.92522879e-03  8.28277189e-02 -6.50839735e-02  1.70430434e-02
  3.26781502e-02  5.87954041e-02  7.12222237e-02  8.98737775e-02
 -4.06434325e-02  6.08862137e-02 -7.42716455e-02 -7.87378769e-02
 -1.15074672e-03 -6.60833007e-02 -2.47292734e-02 -8.53576729e-02
 -1.88293765e-02 -6.98087544e-02  8.21758565e-02 -2.57002383e-02
  5.16388830e-02  2.72973774e-02 -6.66605041e-02  8.74371732e-03
 -1.95677132e-02 -2.93441550e-02 -7.37010938e-02  8.30905969e-02
  7.04757739e-02  8.26074460e-02 -1.65036256e-02 -3.49804425e-02
  6.01243902e-02  7.49609776e-02 -6.43976955e-02  8.88114405e-02
  8.71271276e-02  8.34140638e-03  2.41641275e-02  2.68891766e-03
  5.56567805e-02  2.01484433e-02  3.90602812e-02 -8.20209433e-02
  5.79464334e-02 -8.13364491e-02  3.54491805e-02  7.17001960e-02
 -1.59796805e-02 -6.43784943e-02  8.13749418e-02 -8.36161328e-02
  8.01213106e-03  6.68502981e-02 -1.56438311e-02  5.81079946e-02
  6.00181497e-03 -8.84377112e-02 -7.22491646e-02 -7.58694876e-02
 -7.93317961e-02  5.04851397e-02  4.35792869e-02 -7.85376781e-02
  8.29179867e-02 -5.95640972e-02  6.26439025e-02  2.42085000e-02
 -3.94896806e-02  7.57159532e-02  6.26617845e-03  5.64267363e-02
  8.09833893e-02 -5.17185715e-02  3.38861071e-02 -6.94210137e-02
 -8.28206600e-02  6.08264958e-02 -7.24883917e-02 -4.03011020e-02
  7.76329504e-02 -2.41341588e-02  6.14634736e-02  3.91613456e-02
  8.29667067e-02  1.60247731e-02 -7.08038512e-02 -4.04299944e-03
 -2.21636570e-02 -8.21343391e-02 -9.82084171e-03  5.06205988e-02
 -3.78598601e-02 -8.74452363e-02 -8.26902088e-02  6.79810257e-02
 -4.42609471e-03  7.95841995e-02  7.42322025e-02 -5.44483527e-02
 -1.65803954e-02 -7.90673082e-02 -7.90328798e-02  3.79611107e-02
  7.62938782e-02 -1.15343218e-02  1.97949806e-02  7.16668724e-02
 -8.06883343e-02  5.13521971e-02 -8.50111641e-02 -2.15482836e-02
  5.81327578e-02  7.17942049e-02  8.19355599e-02  5.77458888e-02
  2.69101323e-02  4.34280491e-02  7.54453373e-02 -4.60234902e-02
 -7.55937908e-02 -5.75256270e-02 -8.10670482e-02  1.39708140e-02
  7.22282946e-02  3.25108583e-02 -5.01035227e-02 -2.26311911e-04
  3.84572039e-02  8.59920134e-02  7.17770258e-02  8.19489555e-02
  7.91413876e-02 -7.80058093e-02 -7.64288506e-02 -5.82940317e-02
  1.84216998e-03  2.36202214e-02  6.38638773e-02  2.21514055e-02
  6.71184314e-02  3.28630627e-02 -6.95086342e-02  2.12103547e-02
  2.96703003e-02  7.01896676e-02  8.11801755e-02 -5.99876593e-02
 -1.71253823e-02  3.16517812e-02 -8.13934156e-02  7.47403281e-02
  4.36691716e-02 -1.32729932e-02  6.22873042e-02 -5.17977970e-02
  6.09192287e-02 -2.64722020e-03 -8.60551720e-02  3.52200713e-02
  8.70414639e-02  7.57831036e-02 -8.12844358e-02 -7.88076172e-02
 -5.27750275e-02 -4.16786046e-02  7.43692408e-02  7.91009119e-02
 -7.96100262e-02  4.97809550e-02  3.73968290e-04 -1.78963462e-02
 -1.11016457e-02  7.42946039e-02  7.85856306e-02  7.80250135e-02
 -5.73293941e-02  8.04901986e-02  8.08839238e-02  7.02035470e-02
 -3.40980181e-02 -2.37480279e-02 -3.50114309e-02  7.22436630e-02
 -5.37002995e-02  5.35578853e-02 -6.21231128e-02  3.10493556e-02
 -6.91013503e-02  8.10441291e-02  1.19536810e-02 -5.18974101e-02
  2.06162940e-03 -7.52189727e-02  5.99743725e-02  2.91929095e-02
 -6.13787246e-02  6.67263140e-02 -7.89457074e-02 -2.32972861e-02
  4.16457121e-02 -2.91924163e-02 -7.51804312e-04 -8.01427020e-02
  5.32447704e-02 -7.65467874e-02 -8.14939155e-02 -4.41266978e-02
 -7.72173914e-03  5.06460415e-02 -5.23769348e-02 -7.64311282e-02
 -8.11784149e-02  1.57726984e-02 -4.48583862e-02 -4.23277713e-02
 -6.90287406e-02  1.64786492e-02 -6.41765625e-02  4.49462661e-02
 -4.16058334e-02  6.82644614e-02  1.12845342e-02 -8.79779740e-02
 -8.30380436e-03  3.89994302e-02 -8.34428728e-02 -1.92798439e-02
  8.11992469e-02  8.18739394e-02  8.34516839e-02  4.83125911e-02
  3.84217792e-02  2.94360422e-03  7.46239116e-02 -6.84641668e-02
 -4.19920526e-02 -4.32401178e-02  8.22902857e-02 -5.34188227e-02
 -3.49831638e-02  8.20813990e-02  2.60985182e-02  4.76199200e-02
  7.96067795e-02]

eigenvalues : 16.95962819728389
eigenvectors : [ 7.84869076e-16  3.28644370e-16  3.51380790e-16 -2.14516173e-16
  6.70393279e-16 -8.86810280e-17  3.36495650e-16 -4.66823062e-16
  8.11254242e-16  8.46004271e-16  7.58737972e-16  8.66185380e-16
  5.87566784e-16  7.61961839e-16  1.52021719e-15  3.42202861e-14
 -1.13003207e-11 -3.78196622e-08 -8.95730829e-02 -9.09255479e-02
 -1.72836735e-03 -7.69365366e-03 -8.80404658e-02 -9.02063388e-02
  1.23842655e-02 -1.47157726e-02 -7.82183630e-02  8.89773893e-02
  4.60785032e-02 -2.05238119e-02 -5.70908251e-02 -8.75553726e-02
 -7.13421886e-02  2.45410692e-02 -4.73604309e-02 -1.60490533e-03
 -2.29830320e-02 -8.75131481e-02 -8.89634261e-02 -1.42168053e-02
 -2.33466602e-02  7.59696462e-02  8.52020946e-02  5.02106573e-02
  4.85190623e-03  5.01755965e-02  8.26942975e-02 -7.61111007e-02
  6.77120031e-02 -8.19284724e-02  6.20192711e-02  1.18867720e-02
  4.01792086e-02  5.09752157e-02 -7.88502057e-02  7.52103193e-02
  4.08820102e-02  6.85115642e-02 -2.89842898e-02 -2.83807817e-02
  6.89456712e-02  1.58271506e-02  8.11259608e-02 -8.63110181e-02
 -2.99086686e-02  8.20526210e-02 -2.83173656e-02 -7.43334962e-02
 -5.21807628e-02 -8.10997876e-02 -6.09791656e-02  7.66970203e-02
 -7.01853019e-02 -1.56169348e-02  5.91923883e-02  3.88514270e-02
  2.08302651e-03  7.65064958e-02 -7.98465350e-02  2.17000733e-02
 -3.61029721e-02 -1.35052245e-02 -6.53266689e-02  8.34279233e-02
  4.12448622e-02  7.48347951e-02 -5.14867408e-02  1.01518576e-03
  7.87823658e-02  5.23499069e-02 -7.37363249e-02 -8.56418909e-02
 -7.72988718e-02  1.83632064e-02 -4.57273877e-02 -2.54453507e-02
  6.47905082e-02 -4.61235264e-02 -1.19461698e-02  8.42690684e-02
 -1.12735134e-02 -3.75534840e-02  8.08403382e-02  7.52477962e-02
  5.09712884e-02 -2.32604608e-03  7.92564637e-02 -8.11873180e-02
  4.06395944e-02  5.34906808e-02  4.59952637e-02 -7.55276838e-02
 -6.16178638e-02  7.71484725e-02  4.88310038e-02 -6.82786604e-02
 -2.50561133e-02 -2.48524797e-02  1.31541043e-02 -6.20830170e-02
  7.66927817e-02 -4.07099422e-02 -7.73048365e-02 -8.33674447e-02
 -4.83169882e-02  2.16523389e-03 -7.58372756e-02  2.77937714e-02
 -1.76757216e-02  8.41922311e-02 -8.29780600e-02  7.81006392e-02
  3.43129964e-02  9.48005153e-03  6.98735294e-02 -3.63067182e-02
 -1.39394426e-02  8.13984453e-02 -8.19769232e-02 -8.56325749e-02
 -3.89691862e-02  6.00368175e-02 -7.91002442e-02 -7.04249275e-02
 -4.56884336e-02  2.91834456e-02  1.55164476e-02  8.30584585e-02
  6.68101025e-02  7.90170833e-02  6.10100191e-02  2.08344623e-02
  6.93740650e-02 -6.06462107e-02 -1.49913895e-02  8.52191438e-02
  7.30980987e-02 -8.15784840e-02 -5.90673566e-02  5.89752504e-02
  1.18665110e-02 -2.71917078e-02  6.55115934e-02 -6.47109568e-02
  7.91308458e-03  1.20769322e-02  5.59836449e-02  7.20313748e-02
 -8.40713411e-02 -1.93990021e-02 -3.61952851e-02  3.84184190e-02
 -6.22744414e-02  1.24045449e-02 -7.47041618e-02 -6.76001525e-02
 -8.16017609e-02 -8.07164895e-02 -4.78594317e-02  7.71033700e-02
 -1.70409040e-03 -5.03404733e-02  8.11452784e-02 -7.71087343e-02
 -8.22244264e-02 -6.15439723e-02 -2.79436724e-02 -4.27584117e-02
 -7.45884537e-02  4.71244514e-02  8.14852845e-02  8.26311003e-02
  5.10756729e-02  8.14540891e-02  7.59352742e-02 -6.13120924e-02
 -1.53517110e-02  8.33634713e-02 -6.86422555e-02 -6.69026535e-02
  6.74756007e-02  2.88799893e-02 -2.66778248e-02  7.35913868e-02
  8.25425747e-02 -8.26185565e-02 -2.09868904e-02 -4.72059383e-02
 -7.85032239e-02 -7.66077648e-02  4.42805246e-02 -2.71725434e-02
 -2.87678434e-02 -4.36291061e-02  6.53293348e-02 -7.33020557e-02
 -6.99687604e-02 -4.23246458e-02  5.82758906e-03 -1.36794640e-02
 -5.75888590e-02 -6.84288548e-02  3.10083296e-02 -2.95122075e-02
 -6.28360430e-03  7.96985650e-02  7.72369549e-02  8.11834138e-02
  7.04343476e-02  5.88317557e-02 -1.74381674e-02  4.66182722e-02
 -7.41037309e-02  3.22913214e-02 -5.06056577e-04  5.52920566e-02
 -8.06760438e-02  7.25161499e-02  6.39979403e-02 -2.31373065e-02
  7.10753980e-02 -4.16183654e-02  6.08696915e-02 -7.73316994e-02
  4.82497166e-02  8.60213455e-03  8.13398218e-02  6.09667614e-02
  8.13179851e-02 -4.20429287e-02 -4.96956236e-02  7.62664128e-02
 -5.84194183e-02 -3.69648063e-02 -2.63513285e-02 -8.25071965e-02
  5.92686187e-03 -4.84714677e-02  2.86008270e-02  7.78166289e-02
  6.84585354e-02  8.58249711e-03 -1.63496716e-02 -7.59353493e-02
  4.25615857e-02 -1.32338449e-02  7.88159709e-02 -1.15033060e-02
  1.04216811e-02  8.06289768e-02 -5.43504960e-02  7.03596516e-02
 -6.63476495e-03 -5.73462474e-02 -6.59783928e-02 -5.35164419e-02
 -8.27827700e-02 -6.21723602e-02 -7.84763662e-02  7.69946521e-02
 -5.15709917e-02 -7.93560982e-02  5.29505313e-02  1.48870490e-03
  7.02567641e-02  3.50147868e-02 -5.52769975e-02 -8.59184755e-02
 -8.46200246e-02 -8.11416744e-02 -3.35951619e-02 -4.59270447e-02
  3.80235752e-02 -8.30627553e-02  4.90387757e-02 -7.42448643e-02
  2.56764493e-02  6.04894462e-02 -1.49792679e-02  7.95955562e-02
 -5.09351167e-02]

eigenvalues : 15.897580257360648
eigenvectors : [-1.15857822e-15 -9.29218265e-17  3.50558682e-16  2.29300379e-16
 -6.99373026e-16  4.46445545e-16 -4.12313099e-16  5.03032881e-16
  1.28522365e-16 -1.09598683e-15 -1.00946951e-15 -8.23284451e-16
 -4.35075755e-16 -6.68971615e-16 -5.17287602e-16 -5.60378884e-14
  1.67948773e-11  4.90117601e-08  8.95562762e-02  9.07934983e-02
 -2.76072201e-03  1.23980459e-02  8.81665723e-02  8.90491943e-02
 -3.90352349e-03  2.39387641e-02  8.08633962e-02 -8.59228400e-02
 -3.60753220e-02  3.39633013e-02  6.65356401e-02  8.20020579e-02
  6.06735066e-02 -4.18840677e-02  6.20962700e-02 -1.71402295e-03
 -2.36512272e-02 -8.75914976e-02 -8.82128514e-02 -1.01904732e-02
 -2.79944951e-02  7.79376268e-02  8.36623764e-02  4.42041557e-02
  1.35138671e-02  5.72359379e-02  8.33783704e-02 -7.06158113e-02
  1.86204251e-02 -6.72863293e-02  8.29113710e-02  6.16730330e-02
 -1.64008710e-02  8.79146111e-04 -5.12660144e-02  8.15449837e-02
  7.46400608e-02  3.45776882e-02  1.57122399e-02 -6.50413943e-02
  8.31789355e-02 -3.27582128e-02  6.41396703e-02  7.80972695e-02
 -1.85378090e-02  5.50598590e-02  3.30054914e-02 -3.58342980e-02
 -8.06663997e-02 -7.38203356e-02 -8.11111262e-02 -6.37578620e-02
 -8.13297959e-02  4.82207558e-02  4.92816351e-04  7.87812615e-02
 -4.83434214e-02  7.60243525e-02 -3.99725570e-02  3.41280196e-02
 -5.10538562e-02  2.87222945e-03 -5.46493216e-02  8.11164199e-02
  1.98350077e-03  4.95588031e-02 -7.54538273e-02  3.68031395e-02
  7.98465330e-02  1.95410607e-02 -7.94890910e-02  7.56581618e-02
  6.11328646e-02 -4.33457549e-02  6.41702166e-02  4.65174170e-02
  7.21255641e-02  6.76247996e-02 -1.66355822e-02 -7.73836944e-02
 -7.17082038e-02  3.49141714e-02  6.72263491e-02  2.26570355e-02
  8.15361260e-02  6.13466524e-02  6.23641464e-02 -7.44112640e-02
  6.64138382e-02  3.70160663e-02 -7.03395818e-02  8.25441725e-02
 -8.00882092e-02 -5.43581421e-02 -1.78698813e-02 -3.92995804e-03
  5.05017587e-02 -7.86777033e-02 -1.93760694e-02 -3.62201923e-02
  6.42687158e-02 -1.83242501e-02  9.70796385e-04  4.57501247e-02
  8.11689934e-02 -7.76214757e-02  6.48509665e-02 -8.31396606e-02
 -6.37226433e-02 -2.58297067e-02  7.15809630e-02 -2.86560826e-02
  4.04539122e-02 -7.24049319e-02  2.67741897e-03  8.13418602e-02
 -6.16466962e-02 -6.61093700e-02  2.82339532e-02  4.78609369e-02
 -4.12215007e-02 -7.81716802e-02 -8.14624222e-02 -7.44912822e-02
  8.10154246e-02  5.88035448e-02  3.94021933e-02  4.06315553e-02
 -8.41840027e-02 -5.56813537e-02 -2.75099548e-02 -8.42608463e-02
 -7.87559802e-02 -8.95267557e-03 -5.46383604e-02 -5.98987754e-02
 -8.23837575e-02 -7.23410909e-02  1.52362204e-02  7.41189857e-02
 -6.36936427e-02  6.02336671e-02 -6.96432675e-02 -2.49694001e-02
  7.51691170e-02 -6.79521338e-02  2.97541473e-03 -8.62707323e-02
  6.67705385e-02 -4.35760855e-02 -3.16981244e-02 -8.38827083e-02
  8.42150970e-02 -6.22124151e-02  2.95051420e-02 -8.00158695e-02
 -7.88906226e-02 -2.38360787e-02  3.37704134e-02  6.50452363e-02
 -7.38813111e-02 -8.04246049e-02 -1.63065603e-03  5.08998990e-02
  7.84483902e-02  1.22927704e-02 -2.74012053e-02 -1.66060938e-02
  3.58201700e-02  4.89005736e-02 -6.78847580e-02 -7.51821945e-02
 -8.19636677e-02  5.22621246e-02  5.56550815e-03 -7.46348060e-02
 -8.05578146e-02  3.68105968e-02  1.33695687e-02  8.75339139e-02
 -6.14618516e-02 -8.43536167e-02 -6.75284973e-02  2.06798640e-02
 -2.84716237e-02  5.27823881e-03  6.46806150e-02 -5.95312959e-02
 -1.69008012e-02  4.11459604e-02 -7.93437896e-02  7.32775307e-04
 -8.33080788e-02  7.62973135e-02 -2.90205314e-02  8.79466552e-02
  3.28089312e-02 -3.58149783e-03  7.89251707e-02  8.28781885e-02
  6.88315042e-02  5.34104366e-02 -8.02652459e-02 -7.27803988e-02
  7.52309394e-02  1.01394006e-03  5.03663024e-02  5.94915403e-03
  6.44633027e-02 -3.20063312e-02 -8.19948585e-02 -4.92415525e-02
  1.76707518e-02 -6.38913007e-02 -8.10370861e-02 -5.21755219e-02
  6.26970443e-03  5.04386647e-02  6.53079870e-02 -8.36399793e-02
  3.70412218e-02 -8.18052114e-02  5.43763632e-02 -2.80416270e-02
  6.81476106e-02 -8.10147808e-02  3.31385852e-02  6.26381180e-02
  1.04225651e-02  6.59913994e-02 -7.40205421e-02 -3.40236301e-02
  5.99341516e-02 -8.10750322e-02  7.59984647e-02 -1.38517432e-02
 -5.13668575e-02 -6.44073878e-02  5.42793458e-02 -4.93313123e-02
 -4.42131386e-02  8.16580832e-02  7.48072687e-02  2.59977906e-02
 -7.02292582e-02 -2.74705784e-02 -8.39529940e-02  8.32700464e-02
  8.00796194e-02 -1.21332622e-02  7.62094694e-02  4.71784030e-02
  7.60337563e-02  8.31624959e-02  3.57168984e-02 -7.58269006e-02
 -1.94559812e-02 -4.15950925e-02 -3.17917188e-02 -5.72941905e-02
  8.22873547e-02  8.46989057e-02 -4.10072394e-03  2.21619891e-02
  5.13387385e-02 -5.05860892e-02 -1.04652512e-02  5.34770332e-02
  2.41279018e-02  1.77979787e-02 -7.75774081e-02  7.22612512e-02
  8.17144586e-02 -5.52795241e-02 -1.76454896e-02 -8.19435045e-02
  7.20197247e-02  1.81129552e-02 -5.22492953e-02  7.62060294e-02
 -3.37488444e-02]

eigenvalues : 13.336131374143394
eigenvectors : [-7.58988813e-16 -4.13795722e-16  4.39147412e-16 -3.50630797e-16
  5.04132788e-16  5.87573833e-16 -7.96711099e-16 -1.73291974e-16
 -1.52232274e-16 -1.11256487e-15  7.95703660e-16 -3.22482172e-16
  5.73556964e-16  1.47334873e-15 -2.93180413e-14  1.76161897e-12
 -2.69087549e-10 -3.00869905e-07 -8.78449531e-02 -8.81576106e-02
  3.33568404e-02 -4.36915355e-02 -7.54453202e-02 -6.65791314e-02
 -5.19353379e-02 -7.61630940e-02 -6.61000535e-02  2.97840465e-02
 -4.17537389e-02 -9.01995002e-02 -7.51042579e-02  1.22390986e-02
  4.53003974e-02  8.44498649e-02 -6.87539360e-02 -2.71609645e-03
 -2.88285728e-02 -8.66632415e-02 -8.08410542e-02  1.81273982e-02
 -5.74108997e-02  8.07921645e-02  5.91999431e-02 -4.91927358e-03
  6.54267608e-02  8.29427472e-02  5.38519125e-02 -4.84043629e-03
  7.89371219e-02 -7.08976636e-02  2.81230410e-02 -3.49273932e-02
  7.69203753e-02  8.18451111e-02 -4.86014543e-02 -1.15073395e-02
 -6.08138744e-02  1.81434416e-02 -6.50944629e-02  8.10877791e-02
 -5.49418164e-02  8.18506023e-02  3.13479033e-03  4.91885062e-02
  5.81701347e-02  8.20242790e-02 -4.66370252e-02 -7.71812902e-02
  1.97588157e-02  4.34190982e-02  8.03061730e-02 -6.80187082e-02
 -6.67428183e-02 -8.86317831e-04  5.32648777e-02  5.63412325e-02
  7.05840365e-02  8.32074276e-02 -6.49129938e-02  8.42629040e-02
 -7.12264025e-02  8.14336583e-02  4.65046406e-02  6.41982738e-03
  2.61969144e-02 -2.95103455e-02  7.92914719e-02 -4.05368517e-02
 -7.49238836e-02 -2.16641579e-02 -1.93295558e-02  7.28481380e-02
  8.56651270e-02  3.95803822e-02 -4.39130222e-02 -6.36055654e-02
  6.33836740e-02 -9.07368599e-03  3.69426447e-02 -7.75188956e-02
 -7.59999610e-02  3.85041014e-02  7.19955902e-02  2.50961650e-02
  7.99238218e-02  4.51870495e-02 -6.72100798e-02  4.20106120e-02
 -5.21610434e-02 -7.72465561e-02 -2.68585468e-02  6.94404910e-02
 -7.52209630e-02 -7.86004090e-02 -4.71792689e-02  2.36990763e-02
  7.31479572e-02 -8.07082359e-02 -6.66210284e-03  6.24868201e-02
 -7.51682633e-02  7.86489334e-02  8.32828782e-02  7.53175311e-02
  1.63686361e-02  3.92933880e-02  3.19249911e-02  4.28050366e-02
  7.73489655e-02 -7.43312308e-02 -7.64100118e-02  3.16818460e-02
 -4.45164968e-02  7.69251227e-02 -7.26683471e-02 -7.67789701e-02
  8.13350545e-02  2.42455030e-02  2.64422637e-02  3.25756364e-02
  7.95790480e-02  3.03446480e-02  3.05273642e-02 -4.37833984e-02
 -7.80461937e-02 -4.02119789e-02  3.95061287e-02 -1.09419446e-02
 -7.73266447e-02 -6.06840783e-02 -3.04468679e-02 -1.50420172e-02
  7.11632692e-02  3.70114434e-02  3.45532261e-02  7.99289409e-02
  8.37224706e-02  8.20544562e-02  6.41297756e-02 -1.53393844e-02
 -8.30891329e-02  6.52489304e-02 -6.64324023e-02  5.38595745e-02
  1.63399459e-02  2.98247268e-02  7.23489930e-02  4.11918114e-02
 -7.43240832e-02 -3.82009190e-02 -2.42303379e-02 -6.27617195e-02
  8.73378954e-02 -3.45617775e-02 -7.29033879e-02  5.81162002e-02
  6.85095483e-02  5.49858439e-02  8.14633261e-02 -3.34037608e-03
 -6.48786688e-02 -1.31049350e-02 -5.60631304e-02  8.10775129e-02
 -8.09276805e-02 -8.20496682e-02 -8.47615146e-02 -8.10793080e-02
 -7.75985030e-02  1.22951498e-03 -5.49616445e-02  1.34395165e-02
 -2.36044654e-02 -4.95924902e-02 -8.01483096e-02  3.58652813e-02
 -2.45346796e-02 -7.87986590e-02  7.71472761e-02  3.75037956e-02
 -6.63039323e-02 -8.46048766e-02 -5.47620555e-02 -6.33377845e-03
 -5.57581823e-02  5.86379701e-03  3.14814188e-02 -7.83250180e-02
 -4.57300695e-02  1.93088581e-02 -7.12510112e-02  5.17169787e-02
  2.43490209e-02  8.03547434e-02 -1.83481875e-03  5.74475818e-02
 -2.34239903e-02 -5.89179043e-02  8.13031480e-02  7.10147393e-02
  3.00912655e-02 -2.26708711e-02 -3.11655194e-02 -7.70922262e-02
 -1.79396803e-02 -5.46899061e-02 -8.09130712e-02  7.41386982e-02
 -7.17645711e-02 -4.63035497e-02  4.45683099e-02  1.81600902e-03
  9.41463454e-03  4.95152306e-02  7.66065860e-02  7.41772075e-02
 -3.49138708e-02 -3.10601278e-02 -7.00544970e-02  8.28652184e-02
  7.88222013e-02  6.49085285e-02  8.16052086e-02 -8.09767961e-02
  5.35196024e-02  9.70711028e-03 -5.94983217e-02  9.12614048e-03
  6.40145103e-02 -8.15325490e-02  4.03269608e-02  6.59026909e-02
 -6.41242588e-02  7.50279286e-02 -5.73387357e-02  1.53737376e-02
 -7.92629734e-02 -3.33700760e-02 -7.68679843e-03  2.72604060e-02
  8.37399173e-02 -6.12430754e-02 -7.83493596e-02 -7.25951665e-02
 -5.48264579e-02 -5.45775015e-02 -6.56571659e-02  6.41802962e-02
  4.25730360e-02  8.18245301e-02  8.32230428e-02  5.55052879e-02
 -8.07289817e-02  8.76011333e-02 -3.93788936e-02  8.25289044e-02
  8.07657343e-02 -4.57223588e-02 -2.03402679e-02 -8.93343501e-02
 -4.36898406e-02 -2.36058600e-02  7.39778076e-02  7.33928501e-02
 -8.26389294e-02 -6.91533534e-02 -1.73441507e-02 -3.32273775e-02
  8.32123944e-02 -3.56985634e-02 -5.29127026e-03 -2.05636659e-02
  5.71472033e-02 -3.67287600e-02  9.04931165e-03  8.04836415e-02
  1.29414806e-02  5.98443884e-02  7.35279138e-02  3.56960236e-02
  7.77339790e-02]

eigenvalues : 12.855867328486383
eigenvectors : [ 7.81894613e-16  1.83349248e-16  3.45192140e-16  3.69979683e-16
  6.13279509e-17  1.74615246e-16  6.77752599e-16  1.02583688e-16
  6.71315441e-17  1.35979379e-15  1.06177831e-16  5.29330750e-16
 -1.00745627e-15 -2.34492119e-15  5.41403680e-14 -2.88659781e-12
  3.99932507e-10  3.89907307e-07  8.73746816e-02  8.75396108e-02
 -3.74763466e-02  4.77827132e-02  7.18078364e-02  6.15513386e-02
  5.84662364e-02  8.08892177e-02  5.96121979e-02 -1.84335820e-02
  5.12614484e-02  9.04660803e-02  6.77082270e-02 -2.82159028e-02
 -5.84391864e-02 -7.60787271e-02  5.53983520e-02 -2.90069699e-03
 -2.96459396e-02 -8.63206352e-02 -7.94964729e-02  2.20801386e-02
 -6.10151031e-02  7.96158901e-02  5.40129683e-02 -1.22540476e-02
  7.06623226e-02  8.26733024e-02  4.55228470e-02  6.42260838e-03
  4.33356293e-02 -8.08976267e-02  7.26935361e-02  2.16583729e-02
  3.80972975e-02  7.45603319e-02 -7.79404498e-02  3.88737639e-02
 -1.75775315e-02  5.72870765e-02 -8.18813571e-02  6.22095011e-02
 -1.22841411e-02  7.04581728e-02  4.74512317e-02 -6.52434584e-02
  6.58885338e-02  5.46643190e-02  1.32728831e-02 -7.63616374e-02
 -3.43045972e-02  2.57633948e-03  5.87081066e-02  7.97494262e-02
 -8.23789499e-02  5.94682574e-02 -7.63311752e-03  8.13968577e-02
  3.06137218e-02  5.95517256e-02 -6.25094848e-03  8.40400812e-02
 -6.04862036e-02  8.20192023e-02  5.85025480e-02 -8.47764328e-03
  6.04894468e-02  1.01974071e-02  8.23149894e-02 -6.75267130e-02
 -5.16483533e-02  1.49237748e-02 -1.53378208e-03 -8.41407757e-02
 -8.98624534e-02 -1.41596300e-02  2.21408128e-02  4.54065353e-02
  5.39729582e-02 -1.88809674e-02 -9.57387027e-03  8.42968241e-02
 -7.20408285e-02  8.15383826e-02  1.31774388e-02 -4.47258595e-02
  6.38389272e-02  8.21766814e-02 -4.08482017e-02  5.75039593e-02
 -7.38395588e-02 -8.16524560e-02  5.55027600e-02 -8.09873821e-02
 -1.94492412e-02  5.66824130e-02  1.59160351e-02  7.70467040e-02
  7.45563145e-02 -3.26830328e-02  2.56610017e-02  3.67674237e-02
 -8.23912141e-02  6.88445116e-02 -2.18809463e-02 -6.57854649e-02
 -8.00105065e-02  5.08042786e-02 -8.24211180e-02  4.31059660e-02
 -7.49517598e-03  7.16386579e-02  1.72658564e-02  3.92880110e-02
  8.49401712e-02 -7.49635331e-02  6.96709804e-02  1.92193117e-02
 -6.98753042e-02  5.45526146e-02 -8.15105923e-02 -8.49000875e-02
 -6.31809402e-02  4.89703082e-02  4.98857407e-02  3.33584795e-02
  6.81126709e-02 -4.96744178e-02  1.56325242e-02 -7.49912304e-02
  8.75155024e-02  2.82643871e-02 -8.23090247e-03  8.31457697e-02
 -7.73291316e-03 -8.05876076e-02 -8.25525344e-02 -3.15370446e-02
 -7.00854517e-02  7.54403974e-02  7.68207852e-02 -3.99058162e-02
 -3.75994204e-02 -8.27334005e-02  6.88162958e-02  3.93355640e-02
 -8.24666507e-02 -7.67642167e-02 -2.19822101e-02 -8.16535812e-02
  8.18684091e-02 -2.52959351e-02 -4.32092468e-02  7.46088054e-02
 -8.54233889e-02 -2.22660183e-02  2.54755491e-02  7.52726868e-02
  7.92403467e-02  8.14576098e-02  4.37452513e-02 -7.26197739e-02
  1.45781197e-02  6.45870710e-02 -4.27846476e-02 -1.69739567e-02
  7.99913850e-02  8.25683953e-02  5.76720429e-02  4.06601019e-02
  7.66273380e-02 -7.80577122e-02  2.03951348e-02 -5.96647205e-02
 -3.19371233e-02 -8.20451974e-02 -5.47934870e-02  8.13939998e-02
  6.10658558e-02 -5.77257155e-02  5.38260575e-03  1.58001282e-02
 -3.15428734e-02  2.59674005e-02  7.22448620e-02 -7.96655247e-02
 -4.33692476e-02  8.00902790e-02 -5.72580412e-02  3.91163100e-02
  7.75844987e-02  7.42972712e-02 -3.11603140e-02  2.70738374e-02
  8.29565748e-02 -5.20567754e-02 -4.04530016e-02 -1.21408591e-02
  6.35780114e-02  8.36746716e-02 -2.69455367e-02  3.17082997e-02
  7.36586372e-02  8.19333427e-02 -7.42916411e-02 -1.91838350e-02
 -8.20526298e-02  4.26897051e-02 -1.62743649e-02 -4.05326901e-02
 -6.27586115e-02  4.63822585e-02 -6.47834629e-02  7.80999892e-02
 -7.76189289e-02  7.51406730e-02 -1.70546596e-02  4.90264331e-02
 -8.04506687e-02  6.86099208e-02  2.52462152e-02  3.17047342e-02
 -3.94570596e-02  7.08689590e-02  1.60369334e-02 -1.56329370e-02
  6.40702644e-02 -8.08879609e-02  3.78400681e-02  8.37801636e-02
  5.50877097e-02  3.85544155e-03 -6.72063753e-02 -5.17963549e-02
  5.37985548e-02 -2.23039982e-02  5.52460097e-02 -7.56613858e-02
  5.41816515e-02 -1.23749814e-02 -3.63729952e-02 -6.59573088e-02
 -2.14613614e-03 -7.21456470e-02 -3.79696180e-02 -5.01194509e-02
  7.82069156e-02  7.73095540e-02  2.97962175e-02 -7.14385960e-02
  6.70515840e-02  2.59687527e-03 -2.87643212e-02  6.41247029e-02
  1.82946773e-02 -7.00879431e-02 -8.03732561e-02  2.91101571e-02
  9.59624911e-03  7.84395987e-02 -8.08281526e-02  8.11824655e-02
  8.04932280e-02  7.10805181e-02 -8.81483429e-02  6.15409637e-02
 -7.41936025e-02  8.34795515e-03 -4.98617618e-02 -4.42056955e-02
 -1.47841821e-02  7.72125910e-02 -8.32375355e-02  8.23022479e-02
 -2.01736020e-02  3.85056536e-02 -5.57649967e-02  7.97149784e-02
  6.49968137e-02  8.19260510e-02  8.15329431e-02  7.47049623e-02
 -1.34766160e-02]

eigenvalues : 16.44782228518224
eigenvectors : [ 6.74000664e-52 -2.22032837e-51  7.68760456e-51 -3.34017693e-50
 -1.94159285e-49  1.56907919e-48 -1.82033026e-47 -3.13258095e-46
  8.30223579e-45 -3.54761226e-43  2.59133741e-41  3.49609521e-39
 -9.69220915e-37 -6.44173217e-34 -1.30235372e-30 -1.20072944e-26
 -1.16466860e-21  1.02119196e-14 -9.03221141e-03  9.45700463e-03
 -1.78373572e-02 -1.87991428e-02  2.60909432e-02 -2.79145510e-02
 -3.32058825e-02  3.66964517e-02 -3.85575897e-02 -4.50438594e-02
  4.39379191e-02 -5.28609139e-02  5.16440028e-02 -6.00548450e-02
  5.95654097e-02 -6.65318230e-02 -6.65570953e-02 -1.44976169e-05
  9.75382459e-04 -8.59010346e-03  1.08836405e-02 -1.61765595e-02
 -1.92762903e-02 -2.25930440e-02  2.69569346e-02 -2.88719342e-02
 -3.39022208e-02  3.58857574e-02 -3.98594353e-02 -4.29653700e-02
 -1.33807774e-02 -1.72084925e-02 -2.04728757e-02  2.36666277e-02
  2.75120240e-02  4.34757026e-02  4.54235226e-02  4.93322159e-02
 -5.14719958e-02  6.86588826e-02  6.62799029e-02  6.36493860e-02
  6.24525053e-02 -5.42112383e-02 -5.86969493e-02  7.21879662e-02
  4.50181372e-02 -2.65693244e-04 -1.02773832e-02  3.01106474e-02
  3.68670750e-02  6.93900512e-02 -7.27338317e-02  7.26086018e-02
  3.03663683e-03  7.40214915e-03  4.06681257e-03 -1.08303483e-02
 -3.97863802e-02  1.46228018e-02  1.76134523e-02 -4.93822505e-02
  6.23335385e-02  5.89637260e-02 -5.66046417e-02 -5.47352384e-02
 -7.54141351e-02  7.67109957e-02 -7.96805754e-02 -7.88549235e-02
 -7.70494698e-02 -8.11590492e-02 -6.29220663e-02 -8.04091327e-02
  8.20144013e-02 -8.23206590e-02  7.77630791e-02 -7.68877331e-02
  5.04911816e-02 -8.53341392e-02  8.05175206e-02 -8.19856603e-02
 -4.07283843e-02 -3.80295837e-02  3.16592148e-02 -3.40712342e-02
 -2.77806741e-02  2.46781891e-02  8.12150272e-02  6.69152891e-02
  8.29595628e-02  6.76049494e-02 -8.90250255e-02 -8.23762074e-02
  4.35919569e-02 -8.92903043e-02  8.57996805e-02  4.89533296e-02
 -5.29559423e-02 -5.48068374e-02  8.13152005e-02  8.32153326e-02
 -7.59487374e-02 -7.55722844e-02 -8.37217726e-02  8.31168227e-02
 -8.06342455e-02 -8.27146047e-02  7.68273010e-02  7.64609822e-02
 -7.55945458e-02  8.04504982e-02  3.26365750e-02  3.40576965e-02
 -3.95041693e-02 -4.16183975e-02 -7.13124194e-02  5.53481332e-02
  5.54197196e-02  6.06137198e-02  6.20164949e-02 -7.26248922e-02
 -6.41738334e-02 -6.69821526e-02 -7.26007011e-02  5.75747640e-02
 -2.73527215e-02 -8.20051757e-02  7.80745748e-02  6.06211059e-02
 -8.72521934e-02  8.60244740e-02 -8.67640064e-02 -8.52261217e-02
  4.50483966e-02 -4.96662528e-02 -2.49471472e-02  1.69380480e-02
 -1.42656972e-02 -8.19984376e-02  6.16686049e-02 -7.89557962e-02
  6.55124353e-02  8.19007040e-02  8.14211419e-02 -8.25272994e-02
 -8.26372335e-02  9.17471614e-03 -1.25583241e-02 -2.07731554e-02
 -1.73810670e-02 -9.98173726e-03 -6.38374149e-03 -8.31356415e-02
 -8.48411892e-02  2.37218656e-02  2.14073351e-03  8.19853553e-02
 -7.90682753e-02 -7.11343508e-02  7.17143046e-02 -6.90736211e-02
  7.50650649e-02 -7.47222445e-02 -8.19269037e-02 -7.95395532e-02
  1.86844530e-03 -4.59277624e-02  4.34429385e-02 -2.89414038e-02
  3.02345697e-02  7.76596582e-02 -7.66894813e-02 -4.86672844e-02
 -3.79704226e-02 -7.75056451e-02  7.82862633e-02 -7.98062728e-02
  8.11227353e-02 -8.24087858e-02 -8.17657951e-02 -5.34030678e-02
 -6.68948096e-02  7.09210081e-02 -6.99994297e-02 -7.47228965e-02
  7.44634101e-02 -6.56626573e-02  8.21538984e-02  4.99234688e-02
 -5.33583935e-02  5.44243556e-02  5.92577862e-02 -8.02026581e-02
  8.33696668e-02 -6.58143017e-02  8.17369657e-02  6.59909730e-02
  7.22634076e-02 -7.05127518e-02  5.96956086e-02  4.66216981e-02
 -4.46773933e-02 -2.80815362e-02 -3.10869404e-02  3.40717846e-02
  8.19410667e-02 -8.06346385e-02  7.94566252e-02 -2.38257871e-02
  8.13990262e-02  8.14735840e-02  3.15052710e-02  7.75184516e-02
  7.39618263e-02  7.01725297e-02  4.67631053e-02 -5.06154308e-02
 -5.31982675e-02 -5.51427940e-02 -6.71632191e-02 -7.02038117e-02
  3.82540582e-02  8.16896683e-02  2.12485896e-02  6.43361735e-03
  3.31572062e-03 -5.56008129e-04  7.40063524e-02  2.89549038e-02
 -2.46340230e-02  3.51470880e-02 -4.51100918e-02  1.04328791e-02
 -4.16340672e-03 -5.90923794e-02  1.81872101e-02 -6.51651885e-02
 -5.27878225e-02  7.23212418e-02  8.24153004e-02  5.86099602e-02
  2.19472544e-02  7.79247083e-02 -5.97933261e-02 -3.85696795e-02
  8.83685420e-02  7.39394507e-02  7.30928408e-02 -7.89018905e-02
 -1.70477795e-02 -7.37770776e-03  7.67736931e-02  1.14652532e-02
 -6.79977241e-02  7.75471856e-02  6.37836132e-02  7.61819161e-02
  8.34858578e-02  6.37859552e-02  4.07514975e-02  8.76856215e-02
 -4.81630064e-03 -3.66580734e-02 -6.01617657e-02  7.01390900e-02
 -8.14592117e-02 -7.86611735e-02  2.12373585e-02  4.89467358e-02
  8.48331913e-02  3.99678864e-02  1.45677018e-02  1.38427591e-02
  6.62919690e-02 -4.72457172e-02  2.14695051e-02  8.13236483e-02
  6.55588246e-03  5.74090701e-02  7.28959190e-02  3.40058041e-02
  7.78202243e-02]

eigenvalues : 12.39754901880341
eigenvectors : [-2.55416451e-52  8.44952609e-52 -2.94622891e-51  1.29289575e-50
  7.61315582e-50 -6.25181350e-49  7.39384940e-48  1.30156664e-46
 -3.54150622e-45  1.55980358e-43 -1.17942587e-41 -1.65507771e-39
  4.79824882e-37  3.35553782e-34  7.18961710e-31  7.08493148e-27
  7.09900102e-22 -7.13423309e-15  6.77920254e-03 -7.09836355e-03
  1.34177409e-02  1.41440700e-02 -1.96979815e-02  2.10858900e-02
  2.51932739e-02 -2.78748143e-02  2.94259666e-02  3.44638786e-02
 -3.37552606e-02  4.08069686e-02 -3.99958354e-02  4.68564832e-02
 -4.65985858e-02  5.25590409e-02  5.27075955e-02 -1.08187181e-05
  7.30929502e-04 -6.44711151e-03  8.17108113e-03 -1.21650777e-02
 -1.45084292e-02 -1.70417110e-02  2.03663190e-02 -2.18638706e-02
 -2.57415436e-02  2.73140010e-02 -3.04483335e-02 -3.29148201e-02
 -6.45658906e-02 -6.67573395e-02 -6.85108593e-02  6.88686328e-02
  7.17662621e-02  7.75437318e-02  7.67245689e-02  7.91116511e-02
 -7.91111123e-02  8.28423487e-02  8.20694961e-02  8.13839955e-02
  8.22801066e-02 -7.96065323e-02 -8.00479051e-02 -5.78465954e-02
  3.46290604e-02  5.79518599e-02 -6.40897003e-02  7.15350830e-02
  7.47964015e-02  8.14417688e-02 -8.32891086e-02 -5.83271507e-02
  6.03909722e-02 -5.47294952e-02 -5.59373920e-02  5.15215311e-02
 -7.51559433e-02 -5.06375367e-02 -4.77280757e-02 -3.81288991e-02
  4.93135476e-02  4.64117816e-02 -4.42975127e-02 -4.26484486e-02
 -8.24407317e-02  8.22464241e-02 -8.21045846e-02 -7.98143265e-02
 -8.08629736e-02 -8.06753703e-02 -5.00813235e-02  6.66739835e-02
 -6.82314101e-02  6.96195358e-02 -6.35010427e-02  6.26155561e-02
  3.91483940e-02  7.24976495e-02 -7.10449989e-02  7.08041813e-02
  3.20751783e-02  3.44282945e-02 -3.95098348e-02  3.63719798e-02
  4.08579714e-02 -4.39540797e-02  7.95189553e-02  5.35977861e-02
  7.87576184e-02  5.44813691e-02  7.94842672e-02  7.43668280e-02
 -2.91465542e-02  8.20725706e-02 -7.95568972e-02 -2.41733001e-02
  2.20511114e-02  1.94336730e-02  7.60907662e-02  7.67937853e-02
 -6.30843245e-02 -6.32866275e-02  2.48285442e-02 -2.26108167e-02
  1.90454266e-02  1.72947456e-02 -8.81743007e-03 -5.63723716e-03
  3.43286122e-03 -1.14981503e-02  4.11040261e-02  3.69914253e-02
 -3.52943571e-02 -3.29615682e-02  1.27518620e-04  1.88326035e-02
  2.22459705e-02  1.62512362e-02  1.39249696e-02 -2.41749949e-03
 -1.03689125e-02 -4.98502791e-03 -5.98283110e-02 -1.66235571e-02
 -4.10792143e-02  2.72011161e-02  6.60072273e-02 -1.44060348e-02
  8.34908782e-02 -8.45682520e-02  8.60800340e-02  3.05702556e-02
  2.92440365e-02 -2.36156640e-02 -4.63395693e-02  5.06294007e-02
 -5.25293455e-02 -7.47621538e-02 -1.14092569e-02 -6.73223826e-02
 -9.01485987e-03 -8.36000653e-02 -3.17034905e-02  3.70511152e-02
  4.01989125e-02  5.36189408e-02  6.67690754e-02  7.15801651e-02
  6.81475627e-02  6.60637256e-02 -5.79090316e-02  4.27032621e-02
  8.76929569e-02 -6.91032550e-02  5.63958722e-02  7.37575735e-02
 -6.81322087e-02  1.15120963e-03  1.65790261e-03  3.56454279e-03
  4.31438180e-03 -6.75137179e-03  4.78624164e-02  4.38499624e-02
 -6.25019832e-02  8.10140054e-02 -7.97740329e-02  7.54108042e-02
 -7.18523621e-02 -4.80523662e-02  8.14004990e-02  7.95776674e-02
  7.67382931e-02 -9.70967248e-03  1.20644160e-02 -1.96619070e-02
  1.75487491e-02 -2.28396559e-02 -2.48695352e-02  8.40346138e-02
  6.21268024e-02 -6.24187913e-02  5.80914797e-02  5.83092231e-02
 -5.52641579e-02  6.52969865e-02  2.76321098e-02 -7.32351947e-02
  7.34123564e-02 -6.94902780e-02 -7.07562279e-02 -7.05393815e-02
  3.02944880e-02  8.48727637e-02 -8.84806501e-02 -8.69785329e-02
 -8.73525792e-02  8.67526154e-02 -6.71454829e-02 -7.47089289e-02
  7.68808559e-02  8.06747365e-02  8.02414315e-02 -7.76781757e-02
  3.99340276e-02 -4.71366579e-02  4.38341288e-02  8.00641843e-02
  3.20985573e-02  3.69328204e-02  7.90047274e-02  4.79918453e-02
  5.75506151e-02  5.78658869e-02  7.35457489e-02 -7.32614901e-02
 -7.22348513e-02 -6.94664047e-02 -6.19854016e-02 -6.14272940e-02
 -7.92999653e-02  4.21697070e-02 -8.27982719e-02 -8.26447505e-02
 -8.38548090e-02 -8.14838297e-02  5.46293633e-02  8.08820195e-02
 -7.92722611e-02  7.80929595e-02 -7.64800512e-02 -8.21905262e-02
 -8.41596137e-02 -6.99144091e-02  8.07942871e-02 -6.42026668e-02
  7.88138683e-02  5.91149571e-02  7.33416709e-02 -8.10721277e-02
  8.24483727e-02  5.13195989e-02 -6.64295344e-02 -7.84075531e-02
 -8.38753957e-02 -8.17994243e-02 -8.48568845e-02  5.21133946e-02
  8.03941691e-02 -8.16404504e-02 -5.32668759e-02  8.29551363e-02
 -8.34610966e-03 -8.84276659e-02  6.63514117e-02  5.28271272e-02
  3.54435296e-02 -6.68162944e-02  7.52170179e-02 -7.62653952e-02
  6.11747688e-02  7.82363381e-02  8.60030360e-02  5.69529953e-02
 -7.08815421e-02 -1.47664014e-02  4.65965289e-02  2.79553631e-02
 -3.58135695e-02 -7.55373334e-02  8.25302607e-02 -8.34293727e-02
 -6.37977336e-03  2.73167728e-02 -4.58170620e-02  7.82945770e-02
  6.09254908e-02  8.12663241e-02  8.16048828e-02  7.38832934e-02
 -1.37654781e-02]

